var, orig, dest, value,
0,,,5.271759306582806e7,
1,7,,1,
1,36,,1,
1,45,,1,
3,16,45,1061.20,
3,17,7,1036.10,
3,21,45,1149.00,
3,30,45,1110.70,
3,36,36,1070.60,
3,43,45,1099.00,
3,87,36,1099.00,
3,92,45,987.60,
3,96,7,1059.90,
3,97,36,987.60,
3,110,7,1077.00,
3,118,36,1050.70,
3,120,7,1044.20,
3,121,7,1099.00,
3,122,36,1028.20,
3,123,36,1065.90,
3,124,36,1126.00,
3,127,36,999.40,
3,186,7,1111.20,
3,187,36,1159.20,
3,197,45,1159.20,
3,201,36,1057.60,
3,243,7,999.40,
3,246,45,1044.20,
3,247,7,1126.00,
3,250,36,1040.00,
3,252,36,978.10,
3,263,36,1044.20,
3,265,7,1044.20,
3,277,7,1055.40,
3,278,36,1070.50,
3,279,36,999.90,
3,280,7,1063.80,
3,281,45,1059.90,
3,282,36,1059.90,
3,283,36,1060.50,
3,284,36,1149.00,
3,323,45,1011.30,
3,324,45,1044.20,
3,325,45,1044.20,
3,326,7,1053.20,
3,327,36,1099.00,
3,334,36,1080.00,
3,341,7,1060.50,
3,345,36,1088.30,
3,361,36,1061.20,
3,370,45,1011.30,
3,371,36,1011.30,
3,403,36,1082.40,
3,404,36,1099.00,
3,405,36,1070.40,
3,406,36,1082.40,
3,407,36,1055.40,
3,408,45,1016.20,
3,409,45,1060.50,
3,410,45,1087.80,
3,439,7,1044.20,
3,440,45,1040.00,
3,441,36,1076.00,
3,442,7,1011.20,
3,443,7,999.40,
3,444,7,1011.20,
3,445,36,999.40,
3,446,36,999.40,
3,447,36,1099.00,
3,448,36,1006.40,
3,449,36,1044.20,
3,450,7,1044.20,
3,491,36,1159.20,
3,509,45,1044.20,
3,519,45,1048.60,
3,520,36,999.40,
3,521,7,1065.80,
3,522,7,1159.20,
3,523,7,1039.90,
3,524,45,999.40,
3,525,36,1050.60,
3,526,7,1050.60,
3,527,7,1103.00,
3,528,7,991.10,
3,529,7,1062.00,
3,530,7,1062.00,
3,531,7,1062.00,
3,537,45,1060.00,
3,538,45,1114.60,
3,539,36,1080.90,
3,543,45,1080.90,
3,566,7,1105.60,
3,570,36,1011.20,
3,571,36,1011.20,
3,572,36,1011.20,
3,573,45,999.30,
3,576,7,1044.20,
3,578,36,1065.80,
3,579,45,1050.60,
3,583,45,1065.80,
3,600,45,1051.30,
3,601,36,1061.90,
3,602,7,1031.30,
3,603,7,1114.60,
3,604,45,1020.90,
3,605,36,1114.60,
3,606,36,1114.60,
3,607,7,1110.50,
3,608,7,893.40,
3,609,7,1099.00,
3,610,7,1069.50,
3,611,7,1069.50,
3,645,45,1065.80,
3,646,45,1065.80,
3,647,45,1028.20,
3,648,7,1006.80,
3,649,7,1039.90,
3,650,7,1048.60,
3,651,7,1065.80,
3,652,7,1021.10,
3,653,7,1099.00,
3,654,36,1077.00,
3,655,45,1048.60,
3,656,36,1065.80,
3,657,45,1065.80,
3,659,7,1006.80,
3,680,36,1020.90,
3,687,45,1099.00,
3,725,36,999.30,
3,726,36,1082.50,
3,727,36,1075.90,
3,728,36,1075.90,
3,729,36,1075.90,
3,730,36,1028.20,
3,731,45,1099.00,
3,732,45,1050.60,
3,733,45,1053.80,
3,734,7,1028.20,
3,735,7,1086.10,
3,736,36,1065.70,
3,738,36,969.60,
3,739,45,989.70,
3,741,7,1056.50,
3,764,36,1099.00,
3,765,7,1072.60,
3,806,7,1086.10,
3,807,7,1053.80,
3,808,7,1028.20,
3,809,7,1159.20,
3,810,7,1031.90,
3,811,7,1056.00,
3,812,36,1056.50,
3,813,36,989.70,
3,814,36,1031.90,
3,815,45,1000.50,
3,816,45,1000.50,
3,817,7,1000.50,
3,820,45,1159.20,
3,821,36,1080.70,
3,841,45,1159.20,
3,852,7,1159.20,
3,853,45,1065.70,
3,854,36,1065.70,
3,864,7,1021.00,
3,865,36,1065.70,
3,886,36,1149.00,
3,887,45,992.40,
3,888,45,1059.60,
3,889,45,1059.60,
3,891,7,1000.50,
3,892,7,1000.50,
3,893,7,1020.90,
3,896,36,994.80,
3,897,45,1099.00,
3,928,7,1011.20,
3,929,45,1075.90,
3,930,45,1099.00,
3,931,45,1111.10,
3,932,36,1011.20,
3,933,36,999.20,
3,934,36,1111.10,
3,944,36,991.00,
3,948,36,1050.50,
3,949,36,1050.50,
3,967,36,1000.50,
3,968,36,1000.50,
3,969,45,1000.50,
3,970,45,1000.50,
3,971,45,1000.50,
3,972,7,1000.50,
3,973,7,1061.20,
3,984,45,1099.00,
3,1009,45,1111.10,
3,1010,36,1065.70,
3,1011,36,1075.90,
3,1013,36,1004.30,
3,1047,36,1000.50,
3,1048,36,1000.50,
3,1049,7,1061.20,
3,1060,36,1099.00,
3,1071,45,1099.00,
3,1094,45,1084.20,
3,1095,45,991.00,
3,1137,36,1099.00,
3,1148,45,1099.00,
3,1156,7,1021.00,
3,1158,36,1159.20,
3,1160,36,1044.20,
3,1170,7,1111.10,
3,1172,45,1021.00,
3,1173,45,1050.50,
3,1174,45,1053.80,
3,1175,36,702.40,
3,1175,45,351.40,
3,1214,45,1159.20,
3,1225,45,1159.20,
3,1250,36,1053.80,
3,1251,36,1053.80,
3,1253,36,1075.90,
3,1256,7,1048.60,
3,1302,36,1098.90,
3,1310,7,1011.20,
3,1312,45,1006.70,
3,1317,36,1111.10,
3,1318,45,1111.10,
3,1319,45,999.30,
3,1333,7,1053.80,
3,1336,45,1061.20,
3,1350,36,235.10,
3,1351,36,994.80,
3,1352,7,1000.50,
3,1353,36,1000.50,
3,1380,45,1098.90,
3,1386,45,1058.30,
3,1388,7,991.00,
3,1390,45,1098.90,
3,1398,7,1050.50,
3,1415,45,1069.50,
3,1416,36,994.80,
3,1457,7,1098.90,
3,1462,45,991.00,
3,1464,7,1065.60,
3,1465,7,1077.10,
3,1466,36,1111.10,
3,1467,45,991.00,
3,1471,36,1006.70,
3,1474,7,999.20,
3,1476,45,1028.20,
3,1477,45,1111.10,
3,1480,7,978.40,
3,1481,7,1006.70,
3,1482,7,1111.10,
3,1483,7,1028.20,
3,1485,7,1051.30,
3,1537,36,990.90,
3,1538,36,1072.70,
3,1539,36,1065.60,
3,1540,45,1065.60,
3,1541,7,1065.60,
3,1542,7,1060.60,
3,1543,36,1004.20,
3,1544,36,1006.70,
3,1545,45,1060.60,
3,1547,7,1050.20,
3,1548,36,1076.00,
3,1549,45,1006.70,
3,1551,7,990.90,
3,1553,36,1006.70,
3,1554,45,1006.70,
3,1557,7,1116.00,
3,1560,36,750.50,
3,1561,45,989.60,
3,1563,45,994.80,
3,1564,45,1069.50,
3,1616,7,1077.10,
3,1621,36,1050.20,
3,1622,45,1159.20,
3,1624,7,990.80,
3,1625,7,1050.50,
3,1626,36,1102.80,
3,1627,45,1080.20,
3,1629,7,750.50,
3,1631,45,994.80,
3,1632,45,1000.50,
3,1633,7,1159.20,
3,1634,7,1000.50,
3,1635,36,893.40,
3,1636,45,1000.50,
3,1638,7,1000.50,
3,1644,36,1107.00,
3,1645,36,1114.00,
3,1701,7,1069.40,
3,1703,36,994.60,
3,1704,45,893.40,
3,1708,36,755.40,
3,1709,45,752.40,
3,1711,7,1098.90,
3,1866,7,1061.20,
3,1877,36,1004.10,
3,1878,45,1061.20,
3,1879,45,1004.10,
3,1882,7,1058.20,
3,1946,45,1004.10,
3,1949,7,1058.00,
3,1951,45,1110.80,
3,1952,45,1004.10,
3,1953,7,1077.00,
3,1955,36,1057.70,
3,1956,45,750.50,
3,1958,7,758.80,
3,1962,45,1000.50,
3,2033,45,1159.20,
3,2038,45,802.00,
3,2044,36,1159.20,
3,2045,36,735.70,
3,2047,36,737.30,
3,2106,45,1064.90,
3,2110,36,1098.90,
3,2111,45,1098.90,
3,2113,7,1061.20,
3,2115,36,1057.70,
3,2118,7,1099.60,
3,2119,36,1036.10,
3,2120,36,1047.90,
3,2121,45,1053.00,
3,2122,7,1036.10,
3,2123,7,1055.90,
3,2124,7,1057.70,
3,2185,7,1107.00,
3,2188,45,1061.20,
3,2190,7,1138.80,
3,2192,36,1036.10,
3,2193,45,1138.80,
3,2195,7,1057.70,
3,2196,36,1057.70,
3,2197,45,1057.70,
3,2200,7,1057.70,
3,2202,36,1027.80,
3,2203,45,1057.70,
3,2204,45,1061.20,
3,2205,45,1115.00,
3,2278,36,1067.20,
3,2281,7,1036.10,
3,2284,36,1036.10,
3,2285,36,1036.10,
3,2286,45,1027.80,
3,2287,45,1057.70,
3,2288,45,1057.70,
3,2289,45,1036.10,
3,2290,7,1083.90,
3,2352,36,1036.10,
3,2356,36,1057.70,
3,2359,7,1057.70,
3,2361,36,1036.10,
3,2362,45,1036.10,
3,2365,7,1070.60,
3,2464,45,1042.90,
3,2470,36,1149.00,
3,2481,36,1053.00,
3,2482,45,1053.00,
3,2483,45,1036.10,
3,2484,36,1061.20,
3,2485,36,1061.20,
3,2486,36,1061.20,
3,2487,36,1061.20,
3,2488,36,1092.50,
3,2489,36,1092.50,
3,2490,36,1099.60,
3,2491,45,1047.90,
3,2492,45,1055.80,
3,2494,36,1083.90,
3,2495,7,1083.90,
3,2548,45,1055.80,
3,2550,45,1036.10,
3,2555,45,1057.60,
3,2562,7,1083.90,
3,2563,45,1036.10,
3,2564,36,1036.10,
3,2566,7,1073.60,
3,2567,7,1159.20,
3,2568,45,987.60,
3,2569,7,987.60,
3,2570,7,987.60,
3,2571,7,987.60,
3,2641,45,1048.90,
3,2642,45,1044.20,
3,2644,7,1053.40,
3,2645,7,1012.20,
3,2646,45,1036.10,
3,2647,45,1057.60,
3,2648,36,1061.20,
3,2649,36,1061.20,
3,2650,36,1061.20,
3,2651,45,1061.20,
3,2652,45,1061.20,
3,2653,45,1092.50,
3,2654,45,1149.00,
3,2655,45,1114.00,
3,2656,45,1092.50,
3,2706,45,1061.20,
3,2707,45,1061.20,
3,2708,45,1061.20,
3,2709,45,1057.60,
3,2710,45,1099.00,
3,2715,7,1061.20,
3,2723,36,1057.60,
3,2724,7,1016.40,
3,2725,45,1016.40,
3,2726,36,1016.40,
3,2727,36,1027.80,
3,2728,36,1016.40,
3,2733,36,1070.60,
3,2734,36,987.60,
3,2735,36,987.60,
3,2736,36,987.60,
3,2737,36,1038.90,
3,2808,7,1159.20,
3,2812,7,1050.80,
3,2813,7,1048.80,
3,2814,36,1028.20,
3,2815,7,1044.20,
3,2875,7,1084.10,
3,2884,45,1316.10,
3,2887,7,1039.90,
3,2890,45,1070.70,
3,2891,45,1050.80,
3,2892,45,1050.80,
3,2893,45,1031.70,
3,2897,7,1465.60,
3,2947,45,1050.80,
3,2948,45,1144.40,
3,2949,45,1070.60,
3,2950,45,1050.80,
3,2951,36,1458.80,
3,2952,7,1050.80,
3,2964,7,1008.80,
3,2966,45,1050.80,
3,2967,36,1050.80,
3,2968,36,1060.10,
3,2969,36,1050.80,
3,2970,36,1050.80,
3,2972,36,1458.80,
3,2976,36,1076.90,
3,3028,36,1060.10,
3,3029,36,1039.90,
3,3030,45,1073.10,
3,3031,45,1044.50,
3,3032,36,1070.60,
3,3036,7,1458.80,
3,3045,45,1051.40,
3,3047,36,1117.00,
3,3049,7,1341.40,
3,3050,45,1341.40,
3,3051,7,1248.70,
3,3052,7,1248.70,
3,3053,7,1248.70,
3,3054,7,1329.80,
3,3055,7,1322.50,
3,3056,7,1290.90,
3,3057,7,1040.20,
3,3058,7,1316.10,
3,3059,7,1329.80,
3,3109,7,1316.10,
3,3110,7,1050.80,
3,3112,45,1290.90,
3,3113,7,1290.90,
3,3114,7,1401.00,
3,3115,45,1316.10,
3,3116,36,1248.70,
3,3118,36,1401.00,
3,3119,45,1180.70,
3,3120,7,1050.80,
3,3125,45,999.80,
3,3126,36,1035.00,
3,3127,7,1060.00,
3,3128,7,999.80,
3,3129,45,1011.30,
3,3130,45,1077.60,
3,3131,36,1039.90,
3,3132,36,1050.80,
3,3133,36,1040.40,
3,3134,36,1070.60,
3,3135,45,1070.60,
3,3136,36,1039.90,
3,3137,45,1088.10,
3,3138,45,1083.40,
3,3139,45,1075.30,
3,3189,45,1040.40,
3,3190,45,1050.80,
3,3191,45,1050.80,
3,3192,45,1060.00,
3,3193,45,1060.00,
3,3194,45,1133.60,
3,3196,36,1153.60,
3,3207,7,1070.60,
3,3208,45,973.20,
3,3209,36,999.80,
3,3210,36,973.20,
3,3211,36,1076.90,
3,3212,7,999.80,
3,3213,7,1070.60,
3,3214,7,1050.80,
3,3215,7,999.80,
3,3217,7,1180.60,
3,3219,36,1063.90,
3,3220,36,1063.90,
3,3272,7,1153.20,
3,3278,45,1465.60,
3,3287,45,1144.40,
3,3288,36,1133.60,
3,3289,7,1465.60,
3,3290,7,1059.90,
3,3291,7,1008.70,
3,3292,7,1144.40,
3,3293,45,1050.80,
3,3294,45,1073.10,
3,3295,45,1050.80,
3,3296,45,1070.60,
3,3297,7,1070.60,
3,3298,7,1050.80,
3,3299,7,1040.40,
3,3300,7,1465.60,
3,3301,7,1050.80,
3,3352,36,1458.80,
3,3369,45,1070.60,
3,3370,36,1011.30,
3,3371,45,1059.90,
3,3372,36,1326.90,
3,3375,36,1059.90,
3,3376,36,1070.60,
3,3377,36,991.90,
3,3378,36,986.70,
3,3379,36,986.70,
3,3380,36,1080.00,
3,3381,36,1055.00,
3,3417,36,1077.00,
3,3419,7,1059.90,
3,3420,45,1031.70,
3,3421,36,1031.70,
3,3430,36,986.70,
3,3431,36,1146.10,
3,3432,36,986.70,
3,3433,36,1125.40,
3,3434,36,1037.90,
3,3435,36,1037.90,
3,3436,36,973.20,
3,3439,7,1077.50,
3,3511,7,1180.60,
3,3512,7,1050.80,
3,3513,7,1077.00,
3,3514,7,1011.30,
3,3515,7,1059.90,
3,3516,7,1059.90,
3,3517,7,1059.90,
3,3518,45,1021.90,
3,3519,36,1021.90,
3,3532,45,1037.90,
3,3533,45,999.80,
3,3534,36,1180.60,
3,3535,45,1036.50,
3,3536,45,973.10,
3,3537,45,999.80,
3,3541,45,991.80,
3,3591,45,1077.50,
3,3592,45,1011.20,
3,3593,45,1059.90,
3,3594,45,1037.90,
3,3595,45,1011.20,
3,3596,45,1032.40,
3,3597,36,1061.00,
3,3598,36,1032.40,
3,3611,36,1035.10,
3,3615,7,1063.70,
3,3616,7,1070.60,
3,3618,36,1070.60,
3,3619,36,1180.60,
3,3621,36,1037.90,
3,3622,36,1122.00,
3,3672,36,1465.60,
3,3673,36,1077.50,
3,3674,36,1070.60,
3,3675,36,1070.60,
3,3676,36,1008.70,
3,3678,7,1077.80,
3,3679,7,1070.60,
3,3680,7,1059.90,
3,3681,36,1070.60,
3,3683,45,1465.60,
3,3694,7,1465.60,
3,3695,45,1077.50,
3,3696,7,1061.70,
3,3697,45,1096.90,
3,3698,7,1086.00,
3,3699,7,993.00,
3,3700,7,1037.90,
3,3701,7,1077.40,
3,3702,7,1070.60,
3,3703,7,1037.90,
3,3753,7,1086.00,
3,3754,7,993.00,
3,3755,7,1056.00,
3,3756,7,1070.60,
3,3757,7,1059.90,
3,3758,7,1077.40,
3,3759,45,1070.60,
3,3760,36,1059.90,
3,3761,36,1458.80,
3,3763,45,1077.40,
3,3772,45,1326.90,
3,3773,45,1035.00,
3,3774,45,1081.20,
3,3775,36,1142.70,
3,3776,36,1092.30,
3,3777,36,1113.70,
3,3778,36,1077.40,
3,3779,36,1077.80,
3,3780,45,1059.90,
3,3781,45,1070.60,
3,3782,45,1070.60,
3,3783,45,1262.10,
3,3833,45,993.00,
3,3834,45,993.00,
3,3835,45,1133.50,
3,3836,45,1059.90,
3,3837,45,1088.40,
3,3838,45,1060.30,
3,3839,36,1070.60,
3,3840,36,1070.60,
3,3842,7,1059.90,
3,3843,45,974.20,
3,3851,45,1059.90,
3,3857,7,1032.30,
3,3858,7,993.00,
3,3863,36,1077.30,
3,3914,7,1262.10,
3,3915,7,1232.00,
3,3916,7,1350.90,
3,3918,7,1401.20,
3,3922,45,992.10,
3,3931,45,1180.60,
3,3933,7,1180.60,
3,3934,7,1180.60,
3,3935,45,1088.40,
3,3936,45,992.00,
3,3937,36,1153.30,
3,3938,45,992.00,
3,3939,45,1180.60,
3,3940,45,1180.60,
3,3941,45,1180.60,
3,3942,45,1180.60,
3,3944,7,1180.60,
3,3947,36,1465.50,
3,3981,7,1180.50,
3,3982,36,1088.40,
3,3984,7,1153.30,
3,3985,7,1180.50,
3,3986,36,1180.50,
3,3987,36,1061.00,
3,3988,36,1180.50,
3,3994,7,1324.80,
3,3995,7,1326.90,
3,3996,7,1458.80,
3,3997,7,1326.90,
3,4000,45,1262.00,
3,4001,45,1262.00,
3,4004,7,1262.00,
3,4024,45,1180.50,
3,4064,45,1465.60,
3,4069,7,1180.50,
3,4074,36,1180.50,
3,4075,36,1465.60,
3,4076,36,1180.50,
3,4077,36,1180.50,
3,4078,36,1180.50,
3,4079,36,1180.50,
3,4080,36,1180.50,
3,4081,36,1060.20,
3,4083,7,992.00,
3,4084,36,1180.50,
3,4085,36,1458.80,
3,4086,45,1180.50,
3,4087,45,1180.50,
3,4089,36,1061.00,
3,4105,36,1290.90,
3,4107,36,1458.80,
3,4109,45,1290.90,
3,4147,45,1326.90,
3,4148,36,1275.00,
3,4149,36,1232.00,
3,4155,36,1232.00,
3,4156,7,1401.20,
3,4157,36,1320.40,
3,4158,36,1253.80,
3,4159,7,1253.80,
3,4160,7,1329.30,
3,4161,45,1401.20,
3,4162,7,1264.60,
3,4163,45,1262.10,
3,4164,36,1326.90,
3,4165,7,1262.00,
3,4166,36,1350.80,
3,4180,45,1180.50,
3,4182,45,1180.50,
3,4186,7,1180.50,
3,4238,7,1073.10,
3,4239,45,1180.50,
3,4240,7,1180.50,
3,4241,7,1180.50,
3,4242,45,1180.50,
3,4243,45,1073.10,
3,4244,36,1070.70,
3,4246,7,1038.10,
3,4249,7,1060.90,
3,4261,45,1326.80,
3,4262,45,1326.80,
3,4263,45,1326.80,
3,4264,45,1264.60,
3,4265,45,1326.80,
3,4266,45,1262.00,
3,4316,45,1290.90,
3,4317,45,1290.90,
3,4318,45,1320.40,
3,4319,36,1290.90,
3,4320,36,1253.80,
3,4321,36,1350.90,
3,4324,7,1070.70,
3,4325,7,1290.90,
3,4326,36,1264.60,
3,4327,7,1290.90,
3,4328,36,1290.90,
3,4329,7,1256.10,
3,4348,7,1180.50,
3,4349,7,1180.50,
3,4350,7,1180.50,
3,4351,7,1180.50,
3,4352,7,1180.50,
3,4355,36,1050.80,
3,4356,36,1088.30,
3,4357,45,1180.60,
3,4358,45,1070.70,
3,4386,45,1290.90,
3,4387,36,1290.90,
3,4391,7,1256.20,
3,4392,45,1290.90,
3,4393,45,1290.90,
3,4394,36,1333.40,
3,4395,45,1290.90,
3,4401,45,1465.60,
3,4408,36,1180.50,
3,4409,45,1180.50,
3,4410,45,1180.50,
3,4411,36,1180.50,
3,4412,36,1465.60,
3,4428,36,991.90,
3,4429,36,1050.80,
3,4430,36,1044.60,
3,4432,45,1044.60,
3,4433,45,1458.80,
3,4437,7,1290.90,
3,4438,7,1253.80,
3,4483,45,1060.10,
3,4484,45,1088.20,
3,4485,36,1077.80,
3,4486,36,1050.80,
3,4487,7,1050.80,
3,4488,45,1262.10,
3,4489,45,1008.80,
3,4491,45,1073.10,
3,4492,7,1153.20,
3,4493,36,1073.90,
3,4558,45,1262.50,
3,4560,45,1290.00,
3,4562,45,1256.20,
3,4563,45,1290.90,
3,4564,36,1256.20,
3,4565,36,1256.20,
3,4566,7,1290.90,
3,4567,45,1253.80,
3,4568,45,1248.70,
3,4569,45,1050.80,
3,4570,36,1345.00,
3,4572,45,1290.90,
3,4573,7,1333.40,
3,4574,7,1256.20,
3,4646,7,1060.10,
3,4647,45,1040.40,
3,4648,36,1070.70,
3,4649,45,1040.40,
3,4650,36,1109.80,
3,4651,36,1153.30,
3,4652,36,1109.80,
3,4670,7,1180.50,
3,4671,7,1072.40,
3,4673,7,1072.40,
3,4674,7,1050.80,
3,4678,36,1401.00,
3,4679,45,1262.40,
3,4680,45,1290.90,
3,4682,7,1256.20,
3,4685,45,1256.20,
3,4733,36,1072.40,
3,4734,36,1060.10,
4,7,1,274185.90,
4,36,1,300000.00,
4,45,1,300000.00,
5,787,1,1099.00,
5,1512,1,1098.90,
5,1523,1,1061.20,
5,1534,1,1057.70,
5,1546,1,1061.20,
5,1944,1,1057.70,
5,1966,1,1055.90,
5,1977,1,1057.70,
5,2125,1,1057.70,
5,2126,1,1057.70,
5,2127,1,1036.10,
5,2128,1,1027.80,
5,2166,1,1057.70,
5,2168,1,1055.90,
5,2169,1,1018.80,
5,2170,1,1036.10,
5,2171,1,1036.10,
5,2172,1,1057.70,
5,2213,1,1012.20,
5,2214,1,1012.20,
5,2262,1,1073.60,
5,2307,1,1083.90,
5,2308,1,1061.20,
5,2885,1,1180.50,
5,2888,1,1039.90,
5,2889,1,1070.70,
5,2894,1,1144.40,
5,2895,1,1144.40,
5,2896,1,1144.40,
5,2898,1,1144.40,
5,2899,1,1144.40,
5,2900,1,1008.80,
5,2901,1,1024.80,
5,2902,1,1109.80,
5,2903,1,1067.20,
5,2904,1,1050.80,
5,2906,1,1144.40,
5,2945,1,1050.80,
5,2946,1,840.10,
5,2953,1,1133.70,
5,2954,1,1050.80,
5,2955,1,1144.40,
5,2956,1,1144.40,
5,2957,1,1144.40,
5,2958,1,1133.70,
5,2959,1,1070.60,
5,2960,1,1067.20,
5,2963,1,1067.20,
5,2965,1,1050.80,
5,3008,1,1144.40,
5,3009,1,1144.40,
5,3013,1,1031.70,
5,3015,1,1070.60,
5,3020,1,1050.80,
5,3021,1,1050.80,
5,3023,1,1067.10,
5,3024,1,1050.80,
5,3026,1,1070.60,
5,3046,1,1008.80,
5,3076,1,1070.60,
5,3080,1,1070.60,
5,3081,1,1073.90,
5,3427,1,1050.80,
5,3449,1,1088.40,
5,3459,1,1060.20,
5,3860,1,1060.20,
5,3871,1,1180.60,
5,3882,1,1050.80,
5,3884,1,1180.60,
5,3920,1,1050.80,
5,3921,1,1180.60,
5,3923,1,1180.60,
5,3924,1,1180.60,
5,3925,1,1180.60,
5,3926,1,1180.60,
5,3927,1,1180.60,
5,3928,1,1180.60,
5,3964,1,1180.50,
5,3966,1,1180.50,
5,3967,1,1180.50,
5,3968,1,1180.50,
5,3969,1,1180.50,
5,3970,1,1180.50,
5,3971,1,1180.50,
5,3972,1,1180.50,
5,3973,1,1180.50,
5,3974,1,1180.50,
5,3975,1,1180.50,
5,4013,1,1050.80,
5,4014,1,1180.50,
5,4015,1,1180.50,
5,4016,1,1180.50,
5,4017,1,1180.50,
5,4018,1,1180.50,
5,4019,1,1180.50,
5,4020,1,1180.50,
5,4022,1,1180.50,
5,4023,1,1180.50,
5,4025,1,1180.50,
5,4026,1,1180.50,
5,4061,1,1073.10,
5,4062,1,1180.50,
5,4063,1,1180.50,
5,4065,1,1180.50,
5,4066,1,1180.50,
5,4067,1,1180.50,
5,4068,1,1180.50,
5,4070,1,1180.50,
5,4071,1,1180.50,
5,4072,1,1180.50,
5,4073,1,1180.50,
5,4113,1,1073.10,
5,4114,1,1180.50,
5,4115,1,1180.50,
5,4116,1,1180.50,
5,4117,1,1180.50,
5,4118,1,1180.50,
5,4120,1,1180.50,
5,4121,1,1180.50,
5,4122,1,1180.50,
5,4123,1,1180.50,
5,4124,1,1180.50,
5,4125,1,1180.50,
5,4126,1,1180.50,
5,4167,1,1180.50,
5,4168,1,1180.50,
5,4169,1,1180.50,
5,4170,1,1180.50,
5,4171,1,1180.50,
5,4172,1,1180.50,
5,4173,1,1180.50,
5,4175,1,1180.50,
5,4176,1,1180.50,
5,4177,1,1180.50,
5,4178,1,1180.50,
5,4179,1,1180.50,
5,4223,1,1073.10,
5,4224,1,1073.10,
5,4225,1,1180.50,
5,4226,1,1180.50,
5,4227,1,1180.50,
5,4228,1,1180.50,
5,4229,1,1180.50,
5,4231,1,1180.50,
5,4232,1,1180.50,
5,4233,1,1180.50,
5,4234,1,1180.50,
5,4235,1,1180.50,
5,4236,1,1180.50,
5,4237,1,1180.50,
5,4274,1,1008.80,
5,4275,1,1008.80,
5,4276,1,1073.10,
5,4277,1,1180.50,
5,4278,1,1180.50,
5,4280,1,1180.50,
5,4281,1,1180.50,
5,4282,1,1180.50,
5,4283,1,1180.50,
5,4284,1,1180.50,
5,4285,1,1180.50,
5,4286,1,1180.50,
5,4287,1,1180.50,
5,4288,1,1180.50,
5,4289,1,1180.50,
5,4334,1,1031.70,
5,4336,1,1133.80,
5,4337,1,1076.90,
5,4338,1,1073.10,
5,4339,1,1180.50,
5,4340,1,1073.10,
5,4341,1,1180.50,
5,4342,1,1180.50,
5,4343,1,1180.50,
5,4344,1,1180.50,
5,4345,1,1180.50,
5,4347,1,1180.50,
5,4396,1,1077.80,
5,4397,1,1060.10,
5,4398,1,1074.00,
5,4399,1,1064.80,
5,4400,1,1073.10,
5,4402,1,1080.00,
5,4403,1,1180.50,
5,4404,1,1180.50,
5,4405,1,1180.50,
5,4406,1,1180.50,
5,4407,1,1180.50,
5,4413,1,1180.50,
5,4414,1,1180.50,
5,4415,1,1180.50,
5,4416,1,1180.50,
5,4417,1,1180.50,
5,4458,1,1067.20,
5,4459,1,1050.80,
5,4460,1,1083.30,
5,4461,1,1067.20,
5,4462,1,1080.00,
5,4463,1,1109.80,
5,4464,1,1080.00,
5,4465,1,1180.50,
5,4467,1,1180.50,
5,4468,1,1180.50,
5,4469,1,1180.50,
5,4470,1,1180.50,
5,4471,1,1180.50,
5,4472,1,1180.50,
5,4473,1,1180.50,
5,4474,1,1180.50,
5,4475,1,1180.50,
5,4476,1,1180.50,
5,4478,1,1180.50,
5,4523,1,1109.80,
5,4524,1,1109.80,
5,4525,1,1054.20,
5,4527,1,1054.20,
5,4528,1,1073.90,
5,4529,1,1180.50,
5,4530,1,1180.50,
5,4531,1,1180.50,
5,4532,1,1180.50,
5,4533,1,1180.50,
5,4534,1,1180.50,
5,4535,1,1180.50,
5,4536,1,1180.50,
5,4548,1,1008.80,
5,4559,1,1050.80,
5,4579,1,1024.90,
5,4580,1,1076.70,
5,4581,1,1063.00,
5,4582,1,1180.50,
5,4583,1,1050.80,
5,4584,1,1024.90,
5,4585,1,1063.00,
5,4586,1,1109.80,
5,4587,1,1060.10,
5,4589,1,1067.20,
5,4590,1,1067.20,
5,4591,1,1180.50,
5,4592,1,1180.50,
5,4593,1,1180.50,
5,4594,1,1180.50,
5,4637,1,1024.90,
5,4638,1,1180.50,
5,4639,1,1180.50,
5,4640,1,1180.50,
5,4642,1,1144.40,
5,4643,1,1144.40,
5,4644,1,1144.40,
5,4645,1,1031.70,
5,4653,1,1180.50,
5,4654,1,1180.50,
5,4655,1,1180.50,
5,4698,1,1180.50,
5,4699,1,1133.70,
5,4700,1,1050.80,
5,4701,1,1050.80,
5,4702,1,1122.10,
5,4703,1,1039.90,
5,4704,1,999.80,
5,4706,1,1060.10,
5,4707,1,1073.10,
5,4708,1,1060.10,
5,4709,1,1050.80,
5,4710,1,1144.40,
5,4711,1,1067.20,
5,4712,1,1109.80,
5,4713,1,1050.80,
5,4714,1,1180.50,
5,4716,1,1180.50,
elapsed time,1719.25370,
